opt_d&e output and ans

I added variance to cost function so that the optimization can take uncertainty into consideration. 
I changed T to 40, 60, 80 and 100 and saved the trajectories. As T increases, the trajectory stabilizes in a specific shape similar to the number '2'. Approach the light source first, then instead of going directly to the target, turn to (0, 0) and then go to the target

T = 20
  Columns 1 through 12

    2.0000    3.2593    3.9434    4.3414    4.5770    4.7127    4.7866    4.8211    4.8310    4.8203    4.7930    4.7511
    2.0000    1.9003    1.8012    1.7013    1.6021    1.5017    1.4015    1.3020    1.2022    1.1016    1.0009    0.9000
    5.0000    1.2207    0.4276    0.1820    0.0928    0.0560    0.0385    0.0289    0.0231    0.0192    0.0166    0.0147

  Columns 13 through 21

    4.6962    4.6305    4.5551    4.4709    4.3820    4.2893    4.1948    4.0979    4.0000
    0.8003    0.7002    0.5998    0.4996    0.3992    0.2993    0.1998    0.0998   -0.0000
    0.0134    0.0124    0.0117    0.0111    0.0107    0.0104    0.0102    0.0100    0.0098

T = 40
Columns 1 through 12

    2.0000    3.7522    4.6791    4.9844    4.9845    4.9756    4.9566    5.0188    4.9797    4.9956    4.9155    4.2171
    2.0000    1.9641    1.8980    1.8659    1.6355    1.5509    1.1917    1.1505    1.1162    1.0154    0.7440    0.6815
    5.0000    0.7472    0.1260    0.0558    0.0358    0.0264    0.0209    0.0173    0.0148    0.0129    0.0114    0.0111

  Columns 13 through 24

    3.6589    3.0412    2.1105    1.3477    0.8182    0.3296   -0.0774   -0.3280   -0.4646   -0.5455   -0.5804   -0.5364
    0.7174    0.5543    0.5637    0.5779    0.4965    0.3161    0.1367    0.0391    0.0074    0.0009    0.0001   -0.0000
    0.0110    0.0109    0.0109    0.0109    0.0109    0.0109    0.0109    0.0109    0.0109    0.0108    0.0108    0.0108

  Columns 25 through 36

   -0.4010   -0.2520   -0.1280    0.0654    0.2674    0.4813    0.7238    0.9504    1.3375    1.7054    2.0143    2.3558
   -0.0000   -0.0000   -0.0000   -0.0000   -0.0000   -0.0000   -0.0000   -0.0000   -0.0000    0.0000   -0.0000   -0.0000
    0.0108    0.0108    0.0108    0.0108    0.0108    0.0108    0.0108    0.0107    0.0107    0.0107    0.0107    0.0107

  Columns 37 through 41

    2.7320    3.1132    3.4185    3.6374    3.9993
    0.0000    0.0000   -0.0000   -0.0000    0.0000
    0.0106    0.0105    0.0105    0.0104    0.0102

T = 60
 Columns 1 through 12

    2.0000    3.7930    4.6280    4.7964    4.9885    4.9740    4.9793    4.8444    3.9004    2.9650    2.1789    1.6061
    2.0000    1.7169    1.4733    1.3384    1.3910    1.1291    0.9101    0.6938    0.8100    0.5234    0.3249    0.3521
    5.0000    0.7106    0.1367    0.0641    0.0391    0.0281    0.0220    0.0184    0.0179    0.0178    0.0177    0.0176

  Columns 13 through 24

    1.0773    0.6547    0.4304    0.3324    0.2773    0.2359    0.2007    0.1709    0.1443    0.1210    0.0998    0.0807
    0.2865    0.1282    0.0312    0.0039    0.0002    0.0000    0.0000    0.0000    0.0000    0.0000    0.0000    0.0000
    0.0176    0.0175    0.0175    0.0175    0.0175    0.0174    0.0174    0.0174    0.0174    0.0173    0.0173    0.0173

  Columns 25 through 36

    0.0633    0.0472    0.0323    0.0184    0.0056   -0.0065   -0.0178   -0.0286   -0.0386   -0.0482   -0.0573   -0.0659
   -0.0000   -0.0000    0.0000   -0.0000   -0.0000   -0.0000    0.0000    0.0000   -0.0000    0.0000   -0.0000    0.0000
    0.0173    0.0172    0.0172    0.0172    0.0172    0.0171    0.0171    0.0171    0.0171    0.0171    0.0170    0.0170

  Columns 37 through 48

   -0.0742   -0.0819   -0.0895   -0.0966   -0.1035   -0.1101   -0.1164   -0.1225   -0.1284   -0.1338   -0.1356   -0.1122
   -0.0000    0.0000   -0.0000    0.0000   -0.0000    0.0000   -0.0000    0.0000   -0.0000   -0.0000    0.0000   -0.0000
    0.0170    0.0170    0.0169    0.0169    0.0169    0.0169    0.0169    0.0168    0.0168    0.0168    0.0168    0.0167

  Columns 49 through 60

   -0.0126    0.1715    0.3469    0.6150    1.0757    1.3097    1.7530    2.2479    2.6938    2.9343    3.3055    3.5155
    0.0000   -0.0000    0.0000   -0.0000    0.0000   -0.0000    0.0000   -0.0000    0.0000   -0.0000   -0.0000   -0.0000
    0.0167    0.0167    0.0167    0.0166    0.0166    0.0166    0.0165    0.0165    0.0164    0.0162    0.0161    0.0159

  Column 61

    4.0000
   -0.0000
    0.0154

T = 80
  Columns 1 through 12

    2.0000    4.7987    4.1942    5.1841    5.3410    5.0165    2.7571    1.5600    0.9191    0.6882    0.6071    0.5615
    2.0000    1.3223    1.3583    1.2692    1.0620    0.9650    0.8223    0.4489    0.1333    0.0206    0.0016    0.0001
    5.0000    0.1174    0.0920    0.0515    0.0388    0.0280    0.0277    0.0276    0.0275    0.0274    0.0273    0.0272

  Columns 13 through 24

    0.5272    0.4994    0.4763    0.4566    0.4396    0.4245    0.4111    0.3990    0.3881    0.3780    0.3688    0.3602
    0.0000   -0.0000   -0.0000   -0.0000         0         0   -0.0000   -0.0000   -0.0000   -0.0000    0.0000    0.0000
    0.0272    0.0271    0.0270    0.0270    0.0269    0.0268    0.0268    0.0267    0.0266    0.0266    0.0265    0.0264

  Columns 25 through 36

    0.3522    0.3448    0.3378    0.3313    0.3251    0.3193    0.3137    0.3084    0.3034    0.2985    0.2940    0.2896
    0.0000    0.0000    0.0000    0.0000    0.0000    0.0000    0.0000    0.0000    0.0000    0.0000   -0.0000   -0.0000
    0.0264    0.0263    0.0262    0.0262    0.0261    0.0260    0.0260    0.0259    0.0259    0.0258    0.0257    0.0257

  Columns 37 through 48

    0.2854    0.2814    0.2775    0.2738    0.2702    0.2667    0.2634    0.2601    0.2570    0.2539    0.2510    0.2481
   -0.0000   -0.0000   -0.0000    0.0000    0.0000    0.0000   -0.0000   -0.0000         0   -0.0000   -0.0000    0.0000
    0.0256    0.0256    0.0255    0.0255    0.0254    0.0253    0.0253    0.0252    0.0252    0.0251    0.0251    0.0250

  Columns 49 through 60

    0.2453    0.2426    0.2400    0.2374    0.2349    0.2325    0.2301    0.2278    0.2256    0.2234    0.2213    0.2193
   -0.0000   -0.0000   -0.0000   -0.0000   -0.0000   -0.0000   -0.0000   -0.0000   -0.0000   -0.0000   -0.0000   -0.0000
    0.0250    0.0249    0.0248    0.0248    0.0247    0.0247    0.0246    0.0246    0.0245    0.0245    0.0244    0.0244

  Columns 61 through 72

    0.2172    0.2153    0.2133    0.2115    0.2096    0.2078    0.2060    0.2043    0.2026    0.2009    0.1994    0.1993
   -0.0000   -0.0000   -0.0000   -0.0000   -0.0000         0   -0.0000   -0.0000    0.0000   -0.0000   -0.0000   -0.0000
    0.0243    0.0243    0.0242    0.0242    0.0241    0.0241    0.0240    0.0240    0.0239    0.0239    0.0238    0.0238

  Columns 73 through 81

    0.2175    0.3374    0.6998    1.2340    1.7836    2.6351    3.3740    4.7677    4.0000
   -0.0000   -0.0000   -0.0000   -0.0000   -0.0000   -0.0000   -0.0000   -0.0000    0.0000
    0.0237    0.0237    0.0236    0.0235    0.0234    0.0232    0.0229    0.0194    0.0188

T = 100

  Columns 1 through 12

    2.0000    4.9662    4.8968    4.7516    4.9032    3.7772    2.2671    0.9454    0.3384    0.1638    0.1002    0.0561
    2.0000    1.9624    1.1670    0.8670    0.7313    1.2545    1.0494    0.4465    0.0893    0.0049   -0.0000   -0.0000
    5.0000    0.0986    0.0509    0.0367    0.0271    0.0263    0.0261    0.0260    0.0260    0.0259    0.0259    0.0258

  Columns 13 through 24

    0.0212   -0.0073   -0.0312   -0.0516   -0.0692   -0.0848   -0.0987   -0.1111   -0.1224   -0.1326   -0.1420   -0.1507
   -0.0000   -0.0000   -0.0000   -0.0000   -0.0000   -0.0000    0.0000    0.0000    0.0000    0.0000    0.0000    0.0000
    0.0258    0.0257    0.0257    0.0256    0.0256    0.0255    0.0255    0.0254    0.0254    0.0253    0.0253    0.0252

  Columns 25 through 36

   -0.1587   -0.1662   -0.1731   -0.1796   -0.1858   -0.1915   -0.1970   -0.2021   -0.2070   -0.2116   -0.2160   -0.2202
    0.0000    0.0000    0.0000    0.0000    0.0000    0.0000   -0.0000   -0.0000   -0.0000   -0.0000   -0.0000    0.0000
    0.0252    0.0251    0.0251    0.0250    0.0250    0.0249    0.0249    0.0248    0.0248    0.0248    0.0247    0.0247

  Columns 37 through 48

   -0.2243   -0.2281   -0.2318   -0.2353   -0.2387   -0.2419   -0.2451   -0.2481   -0.2510   -0.2538   -0.2565   -0.2592
    0.0000    0.0000    0.0000    0.0000    0.0000    0.0000    0.0000    0.0000    0.0000    0.0000    0.0000   -0.0000
    0.0246    0.0246    0.0245    0.0245    0.0244    0.0244    0.0244    0.0243    0.0243    0.0242    0.0242    0.0242

  Columns 49 through 60

   -0.2617   -0.2642   -0.2666   -0.2689   -0.2711   -0.2733   -0.2754   -0.2775   -0.2795   -0.2814   -0.2833   -0.2852
   -0.0000   -0.0000   -0.0000   -0.0000   -0.0000   -0.0000    0.0000   -0.0000   -0.0000   -0.0000   -0.0000   -0.0000
    0.0241    0.0241    0.0240    0.0240    0.0239    0.0239    0.0239    0.0238    0.0238    0.0237    0.0237    0.0237

  Columns 61 through 72

   -0.2870   -0.2888   -0.2905   -0.2921   -0.2938   -0.2954   -0.2969   -0.2985   -0.3000   -0.3014   -0.3029   -0.3043
   -0.0000   -0.0000   -0.0000         0         0         0         0         0         0   -0.0000   -0.0000   -0.0000
    0.0236    0.0236    0.0235    0.0235    0.0235    0.0234    0.0234    0.0233    0.0233    0.0233    0.0232    0.0232

  Columns 73 through 84

   -0.3057   -0.3070   -0.3084   -0.3096   -0.3109   -0.3122   -0.3134   -0.3146   -0.3157   -0.3169   -0.3180   -0.3191
   -0.0000   -0.0000   -0.0000   -0.0000   -0.0000   -0.0000   -0.0000   -0.0000   -0.0000   -0.0000   -0.0000   -0.0000
    0.0232    0.0231    0.0231    0.0230    0.0230    0.0230    0.0229    0.0229    0.0229    0.0228    0.0228    0.0227

  Columns 85 through 96

   -0.3202   -0.3213   -0.3223   -0.3234   -0.3244   -0.3254   -0.3264   -0.3274   -0.3234   -0.2379    0.1510    0.8718
   -0.0000   -0.0000   -0.0000   -0.0000   -0.0000   -0.0000   -0.0000   -0.0000   -0.0000   -0.0000   -0.0000   -0.0000
    0.0227    0.0227    0.0226    0.0226    0.0226    0.0225    0.0225    0.0225    0.0224    0.0224    0.0223    0.0223

  Columns 97 through 101

    1.4828    1.8178    2.3984    2.5815    3.8007
   -0.0000   -0.0000   -0.0000    0.0000   -0.0000
    0.0222    0.0221    0.0220    0.0218    0.0213